261
35
946
40
115
179
617
509
91
774
247
436
874
815
134
484
671
798
813
983
522
695
977
158
652
307
166
75
618
892
850
835
31
921
594
375
844
481
836
719
975
93
544
71
382
966
859
166
294
614
625
793
804
674
950
255
183
141
450
381
80
800
15
50
272
244
296
892
348
466
887
137
367
178
851
682
853
41
301
554
319
414
93
676
943
898
950
114
394
47
226
242
221
57
11
915
181
322
360
317
479
34
432
798
752
355
669
65
299
818
264
850
821
217
190
116
942
626
772
979
687
302
996
501
42
972
987
786
866
541
254
325
88
835
985
547
87
434
99
825
829
263
538
842
614
245
294
621
502
118
565
213
275
158
874
2
861
500
307
52
947
138
262
936
523
363
494
372
990
436
440
308
558
611
44
399
572
516
211
923
362
691
612
724
866
131
906
420
113
605
190
197
260
316
604
274
45
709
780
539
26
773
720
847
890
90
845
740
997
835
504
586
423
748
246
213
56
113
904
537
331
571
593
400
841
777
733
295
745
158
847
487
895
280
607
647
62
537
231
398
147
670
737
774
336
741
247
564
713
499
190
788
998
547
911
186
661
475
35
531
276
265
595
802
360
714
546
734
53
771
855
840
627
9
738
779
817
66
386
4
784
438
817
369
39
448
517
774
166
959
124
26
545
546
699
552
907
40
107
98
524
740
473
895
777
519
840
5
191
704
740
690
267
150
798
268
833
207
119
89
687
233
643
8
164
709
300
766
315
699
792
237
302
961
496
839
729
333
365
656
189
314
625
73
781
959
287
737
160
154
769
862
771
732
196
513
162
14
858
776
907
458
988
661
600
484
329
227
655
671
799
288
743
740
5
862
417
453
362
972
729
31
878
522
95
350
332
914
614
954
760
673
889
391
970
36
541
107
159
336
143
961
977
769
90
490
987
708
957
3
170
193
815
849
587
176
768
457
685
469
261
764
507
205
999
40
825
640
713
754
719
809
356
278
423
288
993
681
271
896
19
62
196
916
414
605
491
197
440
922
549
247
266
721
590
194
738
303
994
867
217
803
77
210
380
156
469
287
801
140
95
702
624
170
490
161
987
382
779
325
404
997
190
828
961
804
7
105
782
664
50
579
960
948
933
80
641
837
351
987
269
735
477
993
520
443
257
388
10
304
911
2
32
677
342
152
511
793
647
432
911
457
966
619
691
640
130
543
465
310
794
480
810
567
21
21
455
364
630
354
933
343
467
251
16
935
696
320
192
956
845
707
73
580
377
462
869
660
657
122
462
898
89
875
859
215
853
695
849
410
924
413
195
511
946
642
303
239
89
830
774
537
795
725
16
542
759
634
34
387
341
166
757
407
975
606
668
315
975
691
890
33
495
210
277
909
273
867
723
185
339
423
415
301
558
467
296
491
300
122
15
841
923
422
883
695
2
447
626
600
543
44
326
125
779
405
993
861
603
836
7
9
372
416
167
987
569
57
77
807
684
634
279
666
751
111
266
695
573
976
944
96
435
286
88
434
524
491
539
313
541
878
854
378
510
819
641
304
858
289
26
317
459
317
719
698
92
21
854
619
773
566
819
497
21
766
318
163
615
758
285
863
67
783
749
897
127
126
537
294
882
738
525
979
486
433
690
310
903
338
405
438
580
718
310
95
313
344
514
285
678
483
758
450
352
291
817
354
690
819
324
75
728
718
208
571
559
617
780
449
732
805
74
78
160
146
509
884
116
143
978
276
991
319
63
326
809
949
316
329
403
552
893
874
806
649
585
689
948
801
482
864
783
952
25
117
60
152
965
126
506
976
600
212
925
420
142
696
562
954
347
377
191
639
312
624
729
872
578
291
848
893
647
742
539
71
933
152
91
923
577
832
727
542
73
696
116
856
7
922
206
941
434
856
680
686
794
392
692
95
440
163
303
649
680
463
124
511
452
538
163
950
790
711
582
454
265
37
456
917
333
522
347
3
613
448
940
768
870
646
916
817
351
431
974
193
384
119
520
404
88
217
440
367
327
685
316
643
900
71
582
305
972
316
66
471
512
686
750
392
785
486
893
218
387
280
15
657
899
514
993
17
934
679
60
576
464
464
917
706
758
178
648
566
352
251
122
166
878
285
922
892
742
709
618
431
472
429
992
653
310
621
555
3
699
777
341
47
182
500
388
446
939
186
308
466
742
611
125
467
341
715
620
903
314
62
56
980
233
625
67
457
380
995
396
749
809
915
309
567
628
587
798
724
590
578
749
143
162
80
503
91
136
578
728
556
704
53
939
844
476
71
878
489
794
593
406
739
413
672
610
900
351
803
166
136
293
183
215
371
47
302
989
802
602
287
458
113
692
710
558
452
980
132
573
561
763
713
149
75
283
982
319
905
178
487
793
181
610
925
718
81
785
74
699
771
296
438
63
969
507
6
598
183
268
828
530
846
364
585
335
422
134
327
312
412
585
564
299
855
115
0
342
156
725
903
221
578
687
698
434
904
192
120
439
618
225
610
826
482
71
77
317
467
260
440
250
312
417
148
568
307
410
355
388
794
926
314
110
100
945
120
47
18
552
17
612
832
104
356
98
202
731
47
54
859
592
780
463
537
262
13
715
693
276
116
642
958
272
125
747
93
139
132
74
19
182
563
546
494
195
860
852
538
73
533
844
781
357
457
53
19
658
467
537
800
574
901
774
684
736
758
784
72
409
658
263
959
302
428
125
359
543
847
702
103
23
162
172
354
113
873
886
290
75
496
685
336
970
627
923
256
594
864
64
833
951
46
634
153
989
591
112
456
264
425
227
43
849
162
282
857
958
41
384
362
957
794
508
467
612
665
469
989
144
872
840
510
633
51
408
15
838
801
40
892
314
757
55
387
690
546
609
4
129
989
870
135
947
172
674
882
90
949
465
593
904
265
292
24
770
815
691
661
269
644
257
480
105
832
743
692
158
589
486
863
590
705
525
437
889
914
106
251
631
801
777
967
558
311
159
141
128
836
457
485
503
510
86
280
680
390
997
392
498
727
165
607
481
472
959
464
188
633
817
666
183
826
546
803
69
638
30
153
781
54
869
812
344
219
796
943
37
819
519
165
649
157
465
776
270
279
578
276
407
652
939
114
197
396
169
809
905
75
924
455
967
987
491
510
467
133
734
289
242
691
888
413
264
905
871
493
281
546
784
453
582
487
300
896
887
266
129
141
735
945
998
580
32
445
720
679
36
354
626
795
109
153
788
46
346
905
66
546
998
941
399
863
902
319
551
176
127
497
62
51
922
964
488
4
613
722
334
363
952
333
625
185
72
355
967
970
843
665
679
604
561
148
34
127
379
446
656
660
2
261
964
447
31
832
126
1
787
115
571
574
890
627
890
542
160
331
421
711
624
627
594
407
277
906
30
951
423
202
413
179
477
10
392
726
721
370
443
266
388
871
905
749
326
14
663
215
282
501
739
560
812
909
935
798
200
836
53
220
600
383
976
735
522
308
748
402
876
53
548
177
141
401
582
458
889
108
357
423
784
815
299
904
987
722
913
622
436
278
444
490
914
839
293
52
262
190
158
480
845
93
548
2
473
212
741
906
806
33
24
955
151
907
635
981
746
639
644
810
695
635
688
886
752
296
82
7
221
894
649
156
671
623
632
866
86
349
771
90
34
239
3
326
618
670
718
506
405
671
646
799
267
329
220
274
366
29
241
844
514
886
937
314
663
662
148
829
207
16
2
980
720
932
19
621
815
556
280
970
79
822
73
672
77
826
420
675
713
603
798
222
459
898
98
119
319
6
803
438
599
8
536
725
996
203
859
851
377
921
117
691
372
120
106
282
633
115
996
246
828
581
15
865
235
392
488
525
302
27
459
41
556
795
687
466
979
368
984
293
756
640
145
408
792
993
484
856
691
368
976
661
620
111
422
578
541
962
736
57
686
914
333
628
344
51
509
93
872
88
534
990
371
63
425
821
720
126
668
583
823
876
725
318
380
501
191
157
975
813
148
208
571
62
808
72
993
789
117
996
280
726
264
995
771
288
768
662
216
602
262
571
344
701
693
467
176
540
104
541
155
245
82
820
258
907
398
267
177
589
315
505
550
678
475
16
953
487
609
71
155
474
469
247
740
885
958
450
965
510
530
343
798
558
373
434
958
318
563
193
93
830
212
850
47
477
571
800
55
146
986
380
781
81
238
671
966
513
195
341
822
434
796
670
205
83
249
151
75
314
693
333
377
677
186
769
158
733
964
335
34
283
847
441
530
387
365
456
81
316
920
346
952
169
904
327
914
522
434
637
134
459
30
92
529
6
499
380
399
453
905
82
470
823
42
658
752
420
525
486
819
252
393
68
814
689
107
605
666
221
140
938
810
117
315
385
921
845
250
422
439
126
662
613
887
426
544
27
272
672
452
780
886
979
971
62
380
509
81
973
993
593
252
496
76
845
719
993
548
998
979
402
625
198
681
747
209
760
934
712
400
364
315
198
391
718
232
326
511
49
885
722
650
233
45
853
927
942
199
440
240
532
322
406
377
775
28
40
840
52
983
797
179
315
88
953
114
305
446
119
698
690
236
681
331
827
563
500
447
732
903
225
848
916
251
925
380
952
827
714
7
732
343
110
614
866
703
609
139
215
864
965
338
162
81
590
383
401
602
536
289
116
826
344
135
794
18
595
510
666
684
986
660
586
978
983
260
683
708
633
206
902
410
339
186
399
561
188
345
72
926
471
192
89
173
754
114
226
148
475
985
883
385
559
809
955
516
324
545
44
906
934
143
448
328
239
654
845
272
151
847
139
627
652
385
239
187
770
782
512
668
235
316
14
6
794
20
370
233
386
826
409
958
523
186
74
206
788
867
39
842
908
259
968
422
842
95
266
170
229
133
295
446
414
632
951
833
586
215
61
662
139
394
172
852
981
26
664
385
614
21
313
642
655
882
809
497
487
871
15
668
63
988
620
358
296
3
699
732
200
407
86
830
292
334
363
983
303
749
549
795
729
166
351
53
379
720
43
426
358
844
641
853
395
503
491
320
621
728
909
459
587
320
322
717
25
289
161
980
942
141
318
834
473
764
621
326
364
249
970
852
3
914
292
778
406
378
792
912
145
428
17
956
717
62
204
159
607
64
362
151
414
839
119
129
498
827
672
2
720
313
594
835
874
118
812
167
659
513
374
531
40
170
691
865
386
341
970
208
784
430
19
659
42
312
692
172
744
662
131
277
16
716
958
859
551
915
422
624
551
7
546
819
254
111
528
566
463
713
470
532
946
895
23
749
974
266
601
903
527
505
795
459
842
758
307
665
590
477
717
488
573
442
152
406
191
454
595
912
183
629
669
792
279
904
162
456
743
194
489
623
139
569
10
727
298
890
21
687
690
673
886
108
401
484
108
735
871
515
336
531
135
743
235
590
180
292
233
186
689
748
241
926
96
217
390
261
91
134
208
859
617
274
355
56
689
555
698
794
594
291
436
947
515
362
180
404
662
7
102
436
927
196
813
138
602
853
578
635
538
20
775
592
790
285
10
815
679
113
637
828
492
353
818
747
958
49
523
789
768
662
943
325
885
62
561
526
477
50
995
331
387
370
864
602
390
421
374
302
103
875
586
927
346
82
662
328
181
489
653
565
989
181
824
551
328
253
705
790
726
980
988
809
896
170
757
621
723
839
828
560
622
134
613
569
710
985
668
742
419
383
486
984
579
926
355
751
356
559
232
150
623
437
257
307
928
233
803
653
458
422
327
754
895
412
642
604
125
355
633
416
620
309
306
707
564
800
350
56
836
686
587
2
965
467
38
699
693
491
757
119
823
726
323
928
71
633
836
142
99
546
160
163
566
32
533
336
478
588
588
928
461
488
94
415
724
690
152
566
867
940
545
542
966
316
724
541
442
403
336
474
949
469
501
986
18
420
466
949
972
696
2
544
698
799
629
767
993
61
386
983
71
112
849
13
579
571
54
703
811
373
395
61
709
877
717
658
399
637
422
829
145
832
451
343
200
984
915
656
22
152
56
203
245
787
250
722
91
184
118
823
30
667
918
41
240
584
131
95
614
878
549
956
59
422
731
775
458
799
717
997
32
808
830
134
448
697
600
145
712
70
344
44
64
224
544
508
67
122
643
21
46
157
163
294
829
177
822
789
437
680
119
858
708
912
377
819
20
118
110
948
871
321
742
712
405
426
339
120
520
430
337
559
520
389
283
240
91
890
256
828
228
335
589
676
980
53
108
479
998
101
866
968
276
686
254
872
368
467
332
371
381
536
114
761
91
345
282
108
937
287
598
89
500
704
482
549
390
74
211
973
594
835
638
842
180
568
947
343
446
129
855
80
300
205
393
993
561
871
676
136
794
164
523
168
153
295
36
627
380
691
187
51
987
461
887
413
329
668
9
978
242
942
120
763
891
504
250
25
110
1
549
983
668
859
12
796
581
168
741
328
228
941
799
203
422
957
528
149
193
549
837
157
0
695
427
121
892
765
737
230
967
828
897
285
210
979
364
674
503
998
210
490
256
339
995
769
430
728
959
870
502
975
265
643
182
688
27
636
189
225
875
875
232
268
419
302
376
957
695
446
513
103
943
700
574
874
299
538
544
778
14
596
662
287
420
201
277
325
141
874
128
704
11
773
44
389
824
782
98
303
777
419
672
933
599
371
617
413
300
706
839
119
538
763
899
8
127
811
212
866
869
662
635
964
598
904
199
363
284
274
484
613
710
726
935
309
695
185
284
592
129
813
432
419
71
448
619
271
64
940
205
754
550
676
105
819
886
39
278
258
107
836
610
682
123
931
90
179
859
988
813
120
390
558
527
290
257
661
32
175
410
529
700
163
542
728
614
505
617
287
701
694
392
498
561
154
315
317
598
523
695
806
831
856
560
594
46
112
75
304
232
133
641
974
110
352
511
638
613
857
274
692
295
226
129
391
579
378
227
497
343
561
967
797
574
69
946
324
708
904
738
188
653
35
833
414
734
4
374
106
772
815
574
457
961
764
216
351
765
925
53
475
120
89
686
492
85
2
880
962
859
216
650
829
277
648
639
782
89
140
639
689
62
560
40
707
734
598
706
958
419
487
335
846
966
247
577
615
130
379
246
13
687
930
199
144
219
989
294
506
411
373
741
310
47
143
476
94
243
174
602
505
801
325
637
47
996
655
980
739
16
981
465
788
677
35
148
967
115
888
539
213
567
17
438
173
547
641
622
533
675
822
117
122
131
554
457
386
735
669
299
618
723
524
52
737
841
496
30
944
136
765
456
148
793
845
540
730
485
505
75
973
323
587
672
63
190
171
681
938
234
668
777
426
591
890
523
113
846
307
562
14
96
47
99
995
542
117
820
121
131
547
38
274
102
553
925
139
380
619
200
4
642
466
876
141
16
909
747
999
569
193
577
29
406
762
679
541
914
941
681
190
40
196
267
79
705
372
384
146
986
207
594
596
547
137
918
9
298
129
230
64
301
190
290
433
606
411
617
567
624
336
465
270
96
311
918
785
96
0
343
264
429
601
820
429
599
470
339
449
17
489
746
912
510
166
951
958
396
69
140
628
373
684
334
539
975
809
52
628
326
929
612
441
935
584
601
300
861
117
377
922
577
993
707
763
538
636
118
568
348
12
924
953
452
284
517
155
745
197
632
275
823
515
68
290
694
822
293
908
647
714
370
766
966
926
115
956
618
702
577
404
714
389
989
882
402
779
298
137
371
271
998
299
0
561
291
429
772
903
397
474
225
241
140
475
108
123
680
895
549
503
564
693
970
188
580
475
498
975
8
361
887
20
611
928
149
465
533
936
391
559
539
98
480
758
865
163
839
380
742
834
844
626
181
479
48
828
596
719
641
290
421
328
410
39
82
197
841
37
613
350
385
219
701
208
608
677
925
844
475
918
823
319
262
741
686
22
360
289
641
795
778
961
491
792
704
213
887
679
968
651
904
267
24
511
671
863
892
466
174
825
357
93
537
187
93
826
164
790
862
695
231
994
434
992
95
639
821
201
734
905
991
821
242
252
646
205
443
332
569
184
534
446
983
403
759
753
653
38
195
51
502
419
83
50
364
147
580
39
765
431
596
664
530
0
167
851
617
59
687
338
306
101
906
352
14
398
733
142
139
469
119
298
116
65
80
412
317
286
552
134
525
12
988
160
108
864
499
894
564
333
670
118
180
843
694
41
382
226
464
94
658
483
139
805
652
731
746
535
681
93
821
423
775
795
746
173
890
105
649
463
802
558
845
556
858
687
582
903
860
490
259
740
647
356
372
194
546
103
158
381
11
612
184
495
600
361
163
842
271
71
398
508
769
210
783
184
41
454
285
45
274
994
450
101
166
436
494
180
371
577
415
603
135
711
941
352
997
153
785
860
520
558
574
16
748
590
288
389
404
578
608
383
53
847
265
13
858
663
629
343
393
508
145
708
210
297
312
544
872
479
890
470
400
505
197
231
903
941
804
63
504
568
715
697
306
396
693
127
751
256
429
776
409
36
512
765
296
336
652
777
295
368
250
637
828
494
766
30
69
260
535
996
720
636
114
591
227
934
569
288
947
413
393
225
264
606
777
874
460
446
678
393
588
992
812
317
231
31
366
95
980
990
734
294
273
122
209
958
398
824
937
627
439
112
606
120
976
189
543
230
643
656
730
675
269
297
915
10
702
162
969
848
119
279
236
482
686
685
451
104
757
750
58
38
833
103
432
551
686
966
558
254
880
203
748
555
180
41
534
839
261
401
963
228
842
604
166
699
156
699
821
147
470
149
503
123
77
828
683
268
207
764
611
774
216
609
879
382
823
900
102
784
447
993
544
175
185
248
591
334
719
407
203
842
707
0
604
414
254
588
970
442
797
732
273
570
454
927
321
558
880
221
505
147
192
310
75
21
752
264
995
111
434
228
793
905
786
692
766
124
753
755
842
150
846
344
92
101
303
369
156
953
237
800
114
938
501
996
793
874
955
103
166
905
721
775
402
12
870
524
703
513
209
349
736
162
772
647
872
523
878
875
60
234
897
466
741
674
818
423
422
211
670
634
564
777
841
181
739
175
914
412
85
681
459
374
301
99
837
194
570
538
208
536
191
620
743
166
71
742
610
595
894
626
781
571
850
563
342
24
880
671
588
289
507
495
507
90
328
118
227
567
165
300
784
254
232
510
853
624
579
523
882
548
572
517
380
425
259
850
707
981
885
935
191
350
462
424
35
116
427
382
940
826
445
629
707
951
442
273
534
149
765
269
253
254
750
847
375
557
900
403
509
256
198
843
974
648
641
968
570
178
683
479
643
70
527
99
413
25
50
818
494
65
282
903
375
780
718
140
587
525
711
730
463
493
726
239
799
346
992
938
194
790
476
85
443
111
638
599
401
294
699
142
512
182
20
934
454
844
984
632
954
309
658
282
398
288
170
383
853
800
703
283
679
182
322
996
178
730
822
976
899
187
947
472
650
363
505
710
803
616
714
688
105
744
329
672
365
900
438
239
876
359
995
278
46
452
481
281
603
322
371
768
288
485
756
459
719
1
725
770
629
333
790
798
348
34
782
0
961
31
734
443
504
635
319
744
899
725
988
391
218
203
826
204
236
702
747
134
419
254
786
671
430
807
738
848
247
464
327
605
661
907
309
408
301
310
647
981
9
782
752
689
530
714
702
952
650
755
740
618
314
414
662
609
570
386
983
185
327
893
783
748
198
566
129
161
79
606
408
784
29
145
369
701
769
386
731
823
622
248
755
780
600
35
588
219
126
58
796
677
190
157
26
320
599
610
788
266
682
871
989
943
450
834
58
662
810
800
829
238
149
872
659
945
825
796
425
474
117
227
620
744
234
789
781
583
325
349
107
479
930
52
410
939
524
279
969
905
481
319
41
641
11
81
458
291
401
690
560
457
148
409
210
262
421
161
115
355
124
169
625
188
323
537
619
251
9
651
600
784
914
348
98
323
427
686
506
800
660
795
773
182
375
64
691
908
540
483
520
640
575
51
828
182
441
59
789
553
810
602
244
89
569
522
605
201
930
858
87
587
54
763
348
747
401
643
651
373
692
825
417
707
946
743
454
663
272
189
939
58
590
479
249
510
530
181
188
54
843
579
31
416
67
188
553
668
798
776
862
148
199
911
0
136
18
297
948
781
828
139
673
281
134
480
298
781
601
722
333
663
795
371
796
452
695
421
145
14
795
961
743
55
939
712
275
603
827
100
457
867
633
98
723
67
41
503
813
409
970
60
531
352
838
487
379
873
638
463
407
61
940
812
987
930
18
176
966
407
712
86
395
77
259
278
534
212
57
481
308
63
249
311
3
245
726
491
504
29
397
448
920
53
340
155
334
111
354
860
611
385
766
26
420
447
31
497
77
287
674
299
747
977
914
952
736
169
146
827
927
874
38
260
455
129
120
459
620
331
654
639
656
380
288
947
521
165
71
482
413
657
313
111
984
68
361
11
910
273
516
843
84
582
334
725
840
6
915
752
865
755
241
270
16
693
106
399
926
628
984
226
944
454
825
386
542
533
938
35
529
584
744
743
90
676
274
314
767
231
473
454
464
234
401
436
528
792
274
832
111
582
359
655
364
41
647
48
712
575
778
740
438
99
675
163
438
169
588
804
976
545
592
481
462
435
209
941
339
888
609
131
879
409
366
124
532
495
791
100
659
790
251
194
247
998
833
803
100
799
361
537
48
296
969
189
703
116
13
742
829
891
806
852
3
784
130
974
805
812
852
596
59
326
930
810
595
389
341
442
623
516
486
565
554
832
995
829
950
505
88
122
362
162
379
71
879
607
896
40
297
483
27
435
691
403
227
152
715
643
955
70
933
242
717
379
411
540
984
143
521
716
664
62
438
420
828
296
335
355
962
935
894
561
903
508
272
442
483
975
997
796
976
225
232
519
580
967
885
865
924
925
954
563
824
637
806
971
406
819
567
174
366
214
896
330
92
677
831
717
676
195
148
654
160
32
853
854
997
374
46
618
268
509
366
352
596
427
29
444
332
188
578
534
30
553
649
113
991
848
321
626
404
88
988
139
862
872
503
3
54
771
681
916
355
441
81
713
104
901
832
378
675
342
877
653
720
757
343
155
788
74
901
604
957
715
618
112
591
499
572
75
961
442
419
875
518
910
295
353
960
454
322
322
327
535
956
25
646
885
205
115
542
400
270
343
188
984
800
544
382
622
126
40
748
224
279
762
241
537
667
676
720
75
215
720
235
81
507
197
46
102
88
159
570
4
543
271
14
474
725
232
584
997
618
888
489
209
113
670
871
92
706
263
580
719
771
895
251
602
421
166
3
755
346
248
195
707
381
257
53
13
386
92
872
443
228
830
574
255
13
939
924
587
968
572
432
310
786
68
420
388
639
30
536
768
49
573
454
105
236
927
671
366
589
879
267
438
672
389
326
768
256
453
534
812
809
793
272
341
353
635
826
796
77
906
643
506
1
400
519
193
431
583
983
152
569
550
437
921
649
252
364
280
269
743
118
10
488
800
152
615
971
663
104
694
995
991
951
580
516
950
425
329
196
116
136
103
346
341
944
511
52
452
566
890
80
501
866
121
290
151
540
129
725
709
291
358
445
344
31
795
944
699
816
492
933
594
40
496
588
135
731
870
109
514
519
978
141
365
254
812
347
57
984
742
457
257
446
888
326
529
105
906
360
290
697
901
279
261
178
158
612
961
816
408
288
579
523
661
985
345
77
721
903
227
16
395
829
662
670
72
3
398
440
166
121
752
199
330
621
553
705
710
485
366
195
866
657
938
30
574
255
829
524
538
674
743
177
467
557
129
670
954
288
715
160
513
349
856
303
133
701
475
803
675
916
36
185
985
75
98
443
402
164
159
590
308
959
923
221
922
235
246
651
481
633
701
805
482
466
671
333
387
857
45
955
994
467
413
958
167
603
722
600
28
490
433
56
699
963
41
393
653
53
496
584
171
225
471
523
170
652
129
940
912
118
165
909
181
224
381
413
833
261
675
552
544
839
415
157
524
34
39
641
255
974
276
562
778
982
804
382
159
461
26
681
416
936
734
660
299
710
714
3
875
317
906
791
307
790
318
594
249
536
912
194
708
386
997
828
580
50
346
130
325
971
445
671
455
171
836
782
325
202
349
187
152
150
196
833
72
772
218
107
166
401
24
318
489
590
992
483
899
730
596
75
887
73
390
74
105
610
163
70
234
423
205
545
38
757
371
722
588
11
335
331
721
368
996
19
473
621
745
331
356
905
575
413
289
59
771
896
802
34
816
872
171
321
868
411
648
198
701
654
226
321
608
574
565
202
622
987
441
211
388
695
419
189
333
324
32
134
182
730
781
983
101
512
342
300
767
322
177
557
453
633
406
850
194
817
998
835
724
252
908
621
172
323
156
280
732
756
447
197
580
935
152
253
472
930
350
237
282
541
279
790
687
80
357
424
129
632
319
950
913
544
615
477
446
612
643
631
174
553
426
220
272
696
861
504
756
50
240
415
216
142
76
436
639
525
146
217
448
734
974
553
753
789
693
321
661
326
204
438
905
991
150
824
39
876
242
947
173
196
239
726
622
705
333
868
26
909
570
832
716
695
197
694
376
773
786
325
591
820
618
472
152
530
655
387
165
101
561
331
591
532
16
958
687
403
318
346
307
132
200
642
120
104
977
762
602
54
499
491
517
634
275
410
591
271
455
491
413
575
391
228
679
662
230
588
920
271
651
778
37
574
48
617
34
717
646
577
811
522
203
849
398
70
346
424
771
456
365
580
564
607
632
506
535
198
245
955
397
122
960
119
478
744
687
875
619
57
80
638
912
911
767
530
124
833
554
846
334
554
658
672
78
32
464
640
629
489
138
55
306
272
169
182
529
596
168
180
778
881
219
831
524
664
994
619
628
489
672
744
854
682
84
5
838
7
195
139
804
313
216
717
906
572
946
787
147
759
736
118
377
216
395
390
851
800
744
703
89
754
736
289
38
842
334
534
857
568
389
639
0
739
596
872
137
666
375
970
454
654
706
631
357
267
964
568
417
93
542
546
760
464
975
23
674
271
949
552
819
742
298
464
989
651
417
788
293
127
195
295
559
163
138
42
49
765
42
912
250
770
143
760
173
517
527
796
598
542
516
574
343
374
350
913
823
30
283
229
928
535
972
997
11
332
661
683
555
315
24
244
762
811
720
837
796
664
285
908
862
65
696
340
922
963
924
200
58
606
287
984
655
845
308
753
957
779
751
895
628
889
84
950
894
196
356
350
368
611
44
629
575
878
852
974
224
513
17
687
523
680
552
968
61
757
864
927
889
550
514
449
387
369
392
275
9
857
679
46
261
106
90
609
827
599
268
73
236
342
434
315
325
145
827
697
159
725
716
683
91
159
860
109
818
602
969
223
774
229
582
170
241
162
314
573
56
730
845
303
75
947
329
216
52
187
75
40
425
846
997
393
840
484
705
856
758
374
148
621
75
158
780
733
6
302
231
957
785
641
690
711
464
198
987
681
508
388
580
520
606
463
509
332
786
255
636
765
970
313
587
875
499
751
222
139
545
843
495
285
506
626
416
402
753
763
540
619
49
606
699
181
715
41
401
657
95
286
65
624
563
776
683
43
99
588
39
744
565
845
932
624
295
752
386
942
840
134
512
306
287
503
67
371
660
947
220
444
225
3
557
429
933
535
936
666
485
585
827
136
383
207
731
188
100
942
796
958
233
969
123
738
915
201
217
607
540
967
676
8
766
68
939
505
691
161
61
748
791
395
583
112
483
734
633
363
526
234
227
678
537
739
361
111
192
698
536
948
992
17
132
107
450
652
224
502
458
915
656
244
780
684
670
243
348
933
728
649
48
479
914
163
252
550
758
12
89
244
396
454
548
254
511
599
383
95
622
787
302
624
772
767
656
81
389
102
559
784
973
452
262
816
494
519
414
350
341
742
564
293
626
970
987
657
827
401
762
872
892
825
42
773
524
273
79
462
223
707
512
821
308
998
508
187
578
521
138
488
940
697
189
248
334
3
410
431
226
549
280
349
68
950
483
229
614
838
285
255
744
224
290
133
264
61
342
835
987
906
357
231
309
769
742
944
594
861
653
172
961
254
348
377
938
845
989
69
452
66
542
864
845
65
682
623
519
338
32
220
571
920
922
0
909
569
276
235
492
940
71
907
876
722
89
200
794
458
579
912
275
8
695
94
570
520
291
116
4
516
846
442
753
758
734
911
617
23
140
484
504
229
557
792
760
787
909
742
569
106
482
947
216
997
115
171
737
875
979
619
426
518
605
777
422
24
293
975
675
77
769
391
345
59
851
88
327
302
420
143
419
888
910
57
285
581
93
716
704
453
564
302
703
491
952
909
488
266
627
77
880
24
199
264
923
850
860
495
605
878
112
847
226
592
882
287
631
964
867
830
267
314
858
105
629
936
667
682
323
817
291
732
116
755
826
970
587
102
981
952
120
801
871
234
149
726
571
928
930
254
449
715
757
255
146
193
337
209
402
956
442
600
802
497
11
36
54
635
588
788
129
672
955
985
339
988
301
631
805
481
345
862
609
256
282
87
512
905
583
985
921
463
313
116
675
343
944
669
840
422
490
231
830
522
378
347
130
417
672
902
387
126
570
529
320
58
807
350
800
86
708
990
189
639
173
167
715
442
697
723
658
63
682
204
549
531
456
347
719
677
178
823
114
994
896
627
643
675
967
953
125
388
946
626
240
992
785
991
502
864
873
889
242
362
56
693
853
318
602
868
870
428
589
647
829
433
142
439
717
201
487
874
836
302
301
338
736
150
745
255
71
27
19
437
867
963
918
944
152
536
93
516
651
690
72
121
714
424
434
891
554
150
34
407
392
40
419
114
944
149
842
516
963
127
397
113
225
278
187
168
459
420
643
77
315
595
124
89
850
99
238
433
342
408
860
980
327
216
831
69
516
233
960
361
590
505
457
882
440
919
48
882
609
631
425
388
305
340
191
819
308
245
143
438
789
657
346
627
306
423
276
288
584
879
925
546
139
500
196
724
20
979
667
913
24
980
675
548
368
271
677
460
570
323
137
454
628
687
271
826
520
203
328
816
56
49
16
707
743
437
514
747
658
180
711
273
585
912
853
371
374
937
161
575
537
928
144
148
621
477
695
84
443
568
325
830
937
84
346
993
718
856
391
530
148
527
809
222
227
815
395
699
950
806
63
104
989
897
416
582
566
694
159
302
352
17
153
273
29
876
273
103
699
816
71
79
88
696
180
677
408
676
145
425
405
411
651
516
153
913
549
870
906
200
547
19
626
291
902
132
426
566
736
249
867
153
118
948
817
107
957
512
61
443
66
393
301
810
539
510
498
869
395
65
749
86
326
951
150
793
561
642
787
748
92
579
586
752
128
741
435
501
327
86
189
857
60
110
371
73
872
82
923
264
726
834
219
244
636
766
800
640
478
264
588
276
112
818
427
233
256
616
995
432
958
608
525
450
354
574
492
538
680
492
473
767
385
895
841
950
217
220
731
252
185
49
570
976
65
425
555
783
220
727
483
625
895
372
729
609
463
563
827
226
190
721
448
757
178
466
441
87
834
462
53
567
366
435
855
486
498
564
310
222
534
463
393
597
845
181
460
459
80
570
908
846
7
404
499
383
203
16
89
37
131
751
703
936
537
352
921
368
975
648
575
972
451
380
304
246
293
647
756
619
769
551
659
0
390
441
719
713
450
565
308
555
687
956
664
849
797
781
418
924
109
632
571
562
80
682
659
497
482
327
234
910
590
845
581
886
151
140
896
173
889
612
214
613
266
208
610
534
960
846
720
820
375
592
670
95
735
532
192
723
336
719
653
455
236
33
60
131
415
386
578
906
365
291
635
527
448
519
417
100
916
591
670
766
154
404
931
124
349
432
483
566
12
886
879
563
92
664
494
642
418
878
768
458
98
308
855
213
806
797
3
295
847
595
777
764
849
409
127
680
590
608
702
88
922
741
988
765
525
747
757
81
858
269
798
930
516
820
990
155
984
638
714
2
979
680
243
892
600
10
669
524
502
936
663
419
740
26
362
746
674
185
799
155
606
201
298
461
407
926
285
373
97
463
354
817
877
504
329
529
116
667
730
199
209
526
640
389
240
840
195
797
823
180
568
483
823
360
854
927
622
560
391
343
741
371
409
898
113
88
792
999
984
49
674
363
562
12
95
657
458
851
251
91
991
250
890
823
803
13
438
629
415
52
272
213
489
695
713
350
411
931
467
17
289
591
329
692
191
336
983
410
333
831
88
72
392
389
394
490
997
861
48
779
493
575
92
436
824
85
454
195
399
926
934
493
818
977
810
303
266
636
908
38
333
457
164
255
756
537
789
864
738
547
158
740
523
77
671
582
862
131
734
405
849
590
157
246
984
435
242
80
377
348
107
600
663
140
427
316
288
796
310
148
229
659
988
661
22
34
222
928
736
805
155
87
509
901
20
376
869
658
140
954
582
998
678
571
230
717
842
68
784
992
104
28
43
393
824
561
675
641
171
574
537
253
865
230
198
871
192
791
400
17
469
665
54
836
411
853
718
278
389
483
912
834
673
115
479
170
900
109
164
47
748
333
686
73
389
238
554
442
12
551
634
516
177
10
958
307
37
345
716
805
840
900
124
398
541
645
133
393
516
613
550
40
356
799
562
812
851
545
851
384
987
204
425
152
756
625
672
695
136
971
595
237
822
747
840
920
742
910
978
978
30
643
157
352
471
601
802
714
695
862
255
886
499
698
961
79
521
961
552
908
768
495
448
459
68
573
280
979
434
458
945
377
292
118
837
602
569
368
265
992
796
543
848
456
55
933
725
767
677
983
868
21
513
969
774
202
486
998
496
509
371
861
543
851
970
120
674
324
278
630
611
689
311
240
259
546
220
297
529
492
339
814
255
607
535
972
170
86
7
497
699
208
623
195
991
51
965
589
895
568
507
744
605
73
84
446
660
31
332
618
370
816
344
571
717
950
647
654
935
411
780
771
623
712
633
720
317
205
1
178
874
779
906
451
378
269
678
789
191
60
309
676
707
881
832
569
905
974
804
930
865
790
432
519
990
467
573
232
918
206
202
195
797
232
257
801
254
711
674
40
280
757
473
779
864
155
150
181
465
946
897
116
557
994
216
450
966
827
103
544
613
593
531
307
670
165
779
912
110
13
475
579
443
942
526
971
558
104
479
770
23
192
444
961
526
715
688
880
473
93
772
930
39
610
529
278
983
468
772
251
830
75
550
51
347
114
599
288
841
686
999
109
416
930
289
235
208
117
212
435
324
13
359
539
719
693
672
226
69
538
888
693
832
475
183
644
694
751
688
535
819
992
145
505
561
181
130
359
240
189
55
834
275
511
971
935
177
919
491
144
421
283
324
820
683
3
786
153
190
511
526
346
907
122
986
371
500
740
13
825
266
886
198
871
354
702
30
955
26
571
151
422
505
930
698
162
896
110
242
727
289
111
827
478
82
161
334
135
806
221
820
893
80
484
140
486
709
504
411
233
909
333
247
456
326
108
800
861
125
321
164
225
537
402
685
255
926
488
400
128
859
274
605
439
489
612
478
932
208
511
775
454
255
306
304
713
295
502
369
920
246
695
307
244
171
174
39
610
594
435
525
466
14
656
515
835
662
601
16
885
486
416
588
623
235
924
846
846
850
1
801
407
285
116
420
475
787
157
773
41
987
518
873
722
61
291
442
334
157
407
462
380
397
766
559
646
702
666
573
955
970
28
428
421
497
764
307
379
789
996
763
338
972
886
311
956
379
286
734
610
618
555
843
29
383
598
5
704
754
229
704
842
442
994
591
192
155
579
747
175
789
591
197
695
154
934
260
931
107
23
980
684
119
111
859
725
666
245
161
170
102
803
371
426
440
582
412
403
321
854
745
812
559
233
623
950
880
379
556
707
187
656
742
297
219
817
476
496
816
957
655
70
755
399
348
245
894
173
129
242
679
464
449
718
343
823
902
913
666
959
914
530
461
398
426
547
159
709
928
905
30
874
163
50
999
621
5
15
554
547
473
977
871
174
879
584
185
342
69
230
101
136
595
145
782
860
91
456
81
189
972
973
88
994
762
520
918
265
19
933
526
211
200
420
272
395
678
822
448
583
48
575
108
881
147
15
995
472
805
82
277
247
251
975
714
943
38
14
379
888
305
427
39
67
138
639
115
963
82
461
58
801
91
970
804
759
629
301
974
308
132
159
614
822
314
244
88
942
29
727
930
317
996
716
873
509
211
190
86
202
561
9
985
127
898
249
544
988
566
698
732
293
861
393
8
966
749
607
534
683
25
966
560
372
592
300
232
998
96
429
845
932
317
165
754
436
337
354
140
614
505
552
281
871
978
582
543
156
743
13
416
42
504
977
960
586
320
16
528
65
203
640
947
6
762
37
489
237
29
256
453
953
420
899
320
749
537
632
401
43
989
962
138
654
574
835
359
834
969
132
605
364
186
763
892
619
614
966
443
814
417
703
335
87
472
376
575
301
893
917
543
119
363
416
255
84
5
664
800
856
647
547
466
633
824
66
548
728
843
204
250
802
40
882
988
646
516
218
361
849
58
663
103
301
780
710
677
96
858
219
807
393
109
978
909
301
545
529
313
183
13
794
370
447
424
679
50
737
898
734
97
910
428
492
524
944
589
206
918
574
562
498
569
319
88
412
656
820
105
172
924
454
178
661
17
399
701
89
845
348
519
200
644
560
47
287
107
76
490
324
927
194
639
360
137
288
540
494
233
634
477
40
315
289
283
248
98
959
73
452
8
372
438
539
863
218
232
804
255
541
638
197
244
95
967
529
275
312
244
67
506
122
23
831
353
258
311
128
169
394
17
140
343
684
269
187
956
153
210
726
180
344
574
629
617
250
605
961
324
721
437
112
968
233
589
542
323
783
624
232
993
462
154
893
286
440
989
853
912
105
120
755
15
384
741
631
82
943
342
532
992
497
627
488
815
387
394
754
708
499
291
685
352
597
615
75
363
357
789
757
487
574
440
438
916
929
721
320
835
129
164
390
305
491
497
16
43
532
618
165
545
402
268
795
512
308
732
41
247
926
679
950
653
932
709
331
685
463
219
739
104
22
205
147
350
668
404
715
528
543
553
188
596
577
550
181
766
647
981
390
360
319
432
341
222
254
684
718
392
695
906
340
589
904
851
271
584
367
200
734
714
2
443
492
692
923
6
639
758
530
134
299
177
804
939
333
766
218
551
899
393
700
464
985
349
4
276
502
541
864
56
141
212
367
541
599
122
540
711
326
932
728
963
109
775
922
765
707
768
65
756
630
459
875
250
467
222
470
299
156
977
843
505
643
676
898
554
979
429
985
911
85
532
766
321
64
981
580
434
858
74
290
349
3
314
318
540
49
442
345
964
821
230
348
943
876
453
497
549
594
262
68
592
634
906
192
955
752
816
910
541
183
566
200
840
550
515
843
9
916
559
779
227
53
803
280
293
29
922
751
68
762
619
883
742
406
178
994
405
233
594
156
491
341
738
382
624
307
497
485
990
947
791
566
341
168
433
146
136
922
392
383
226
541
39
18
350
799
464
95
43
935
154
507
408
369
304
649
377
158
265
921
310
808
791
111
476
866
46
7
587
478
436
446
84
249
655
755
196
369
751
757
785
886
962
902
615
558
893
805
48
155
894
162
614
599
331
906
158
936
254
546
811
302
248
655
356
856
486
116
148
647
141
942
891
699
478
418
349
649
189
22
87
510
28
324
858
893
855
946
526
748
372
167
820
53
929
488
928
752
121
304
433
990
988
535
254
552
218
345
446
270
260
687
228
987
248
563
750
661
663
668
352
763
940
514
906
816
139
419
634
148
291
36
175
801
649
747
308
746
659
905
333
264
654
677
738
614
669
436
549
844
791
412
408
66
515
239
472
562
194
149
920
792
240
755
796
549
353
504
843
958
141
61
335
395
719
748
629
20
64
185
571
622
450
702
827
203
500
323
35
240
665
394
173
31
877
321
842
397
446
368
838
894
482
914
760
348
987
184
289
215
380
289
702
158
534
870
347
875
771
289
974
565
478
774
102
423
533
402
574
278
885
264
569
936
912
898
243
863
797
325
826
4
965
445
904
809
197
327
782
407
173
142
270
310
268
324
861
155
341
226
627
283
506
924
377
838
691
211
45
591
267
870
485
600
488
659
150
914
861
646
551
825
861
140
767
54
718
938
984
959
680
798
838
497
313
183
696
293
638
337
490
665
903
728
252
917
80
878
291
69
472
879
786
375
576
185
237
154
682
946
225
783
242
121
443
203
477
7
180
314
893
150
301
632
583
159
173
208
10
18
644
912
355
390
619
691
297
801
323
102
922
873
990
711
0
72
437
422
132
654
951
544
693
888
659
880
101
575
979
542
337
252
981
788
802
222
814
355
349
430
117
285
771
978
378
939
365
558
961
526
337
985
247
506
25
578
928
655
326
355
426
265
689
862
769
608
473
333
512
106
14
574
489
251
985
322
977
646
438
47
251
886
191
203
79
246
358
633
695
854
222
136
526
855
23
943
877
149
724
413
500
731
123
292
225
613
104
270
407
574
446
847
502
954
307
330
859
382
135
424
821
316
289
282
36
914
318
136
877
610
39
115
541
380
325
196
634
751
956
327
17
959
329
218
711
264
946
280
768
616
696
147
573
43
3
493
286
856
147
223
52
736
854
34
49
543
403
163
71
324
665
500
738
595
756
253
130
321
46
154
544
407
726
134
957
399
840
413
754
971
9
975
471
958
132
280
107
650
670
532
757
768
267
552
981
543
155
515
938
19
924
244
433
342
717
101
167
717
836
893
803
593
876
812
58
806
167
799
24
144
596
619
224
305
309
262
752
735
896
393
828
234
328
249
382
627
607
85
311
920
490
978
909
941
337
418
968
980
57
164
458
821
336
828
867
336
525
355
798
687
73
449
28
457
398
215
563
721
258
129
906
341
264
600
612
818
835
638
22
765
192
891
319
949
423
724
907
252
837
179
980
763
610
305
13
693
522
912
388
748
818
846
508
720
192
811
284
886
31
627
256
157
814
271
417
291
556
942
916
262
275
537
268
431
318
645
716
849
375
649
493
944
202
542
305
396
671
670
754
132
848
862
897
31
56
149
822
269
828
471
513
221
89
275
484
944
401
327
829
154
339
750
867
689
654
759
140
333
842
503
152
976
51
65
334
503
130
746
857
78
586
121
351
138
612
587
142
784
792
813
195
251
153
362
112
410
418
725
905
928
955
624
732
869
227
218
211
626
264
295
983
186
210
610
194
556
784
862
688
708
230
986
947
377
188
978
746
945
308
34
422
705
639
198
977
233
44
188
995
92
518
459
250
253
569
645
525
669
713
600
61
497
639
458
545
511
425
818
164
545
805
28
925
203
330
396
611
719
987
868
547
456
920
825
175
555
106
807
549
377
795
324
777
593
896
106
984
18
101
518
514
510
883
854
691
643
120
336
678
795
11
509
934
483
74
12
427
352
666
138
421
669
34
55
809
513
725
789
781
262
722
146
185
172
57
580
675
132
124
484
743
81
200
155
826
544
623
873
449
760
652
700
579
516
162
646
103
86
560
767
67
246
149
705
139
224
100
939
642
3
396
381
696
301
823
162
16
660
61
700
493
343
924
145
241
811
662
858
481
218
671
133
408
398
226
488
222
324
583
414
492
395
171
183
335
507
499
983
663
74
222
824
179
489
87
587
307
646
188
962
466
739
710
289
837
563
717
155
660
701
191
777
892
265
660
221
247
863
417
333
97
231
240
634
167
395
288
96
246
800
638
936
566
59
816
673
697
601
201
902
299
327
806
153
815
992
124
388
468
293
900
160
363
46
477
407
174
719
340
307
910
982
634
266
529
488
449
777
134
491
628
765
102
270
75
824
801
949
544
481
506
337
193
460
929
652
218
241
874
370
294
177
639
995
186
162
823
677
126
451
657
286
585
827
313
142
88
204
54
595
866
421
21
39
131
190
454
308
43
828
561
904
466
100
460
531
931
428
444
645
290
757
821
325
947
693
833
428
81
801
801
367
855
447
282
227
678
81
102
491
12
198
150
237
197
170
466
948
153
830
301
238
978
922
783
301
824
863
728
682
370
977
190
629
163
409
572
121
871
441
671
629
369
585
421
550
946
559
580
439
960
434
333
43
321
367
411
289
226
188
596
485
352
10
99
752
114
209
134
910
753
563
19
181
870
762
18
629
662
981
615
19
420
941
96
855
899
431
725
758
814
770
832
506
223
359
770
684
840
825
902
20
73
522
151
551
686
533
738
871
4
122
663
593
33
931
434
144
173
166
600
767
888
395
808
19
633
573
831
646
705
645
872
528
138
474
118
160
7
589
519
369
193
769
720
384
218
912
79
337
818
888
689
145
748
956
664
133
253
239
680
778
208
339
614
966
616
512
349
996
139
872
671
189
487
798
53
849
197
231
115
422
551
33
715
335
950
705
356
229
612
217
238
803
291
557
85
395
144
86
320
102
552
472
557
617
757
350
507
363
716
734
891
186
687
478
931
686
282
413
504
805
676
271
552
54
116
704
514
801
397
570
650
235
712
690
869
415
196
132
85
224
45
39
89
235
894
570
189
761
876
742
721
971
472
334
344
454
848
424
232
598
692
976
729
526
864
394
955
517
99
396
584
772
50
158
843
476
201
162
100
37
